,Köln,Bonn,Düsseldorf,Aachen,Wuppertal,Leverkusen,Düren,Euskirchen
Köln,0.0,0.2438,0.341,0.8887,0.3911,0.1125,0.4946,0.3238
Bonn,0.2438,0.0,0.5846,1.015,0.5257,0.3287,0.6201,0.319
Düsseldorf,0.341,0.5846,0.0,0.8258,0.4082,0.275,0.5149,0.5649
Aachen,0.8887,1.015,0.8258,0.0,1.2,0.9406,0.3987,0.714
Wuppertal,0.3911,0.5257,0.4082,1.2,0.0,0.2893,0.8352,0.7145
Leverkusen,0.1125,0.3287,0.275,0.9406,0.2893,0.0,0.5586,0.4323
Düren,0.4946,0.6201,0.5149,0.3987,0.8352,0.5586,0.0,0.3385
Euskirchen,0.3238,0.319,0.5649,0.714,0.7145,0.4323,0.3385,0.0
